ДЗ Ерахтина Артёма РКТ2-81

-----------------------------Уравнение в матричном виде-----------------------------
                              K                                     q          f    

|  1.00  0.00 -1.00  0.00  0.00  0.00  0.00  0.00  0.00  0.00|   |  u1  |   |  2.00|
|  0.00  0.00  0.00  0.00  0.00  0.00  0.00  0.00  0.00  0.00|   |  v1  |   |  0.00|
| -1.00  0.00  4.00  0.00 -1.00  0.00  0.00  0.00 -2.00  0.00|   |  u2  |   |  0.00|
|  0.00  0.00  0.00  0.00  0.00  0.00  0.00  0.00  0.00  0.00|   |  v2  |   |  0.00|
|  0.00  0.00 -1.00  0.00  2.00  0.00 -1.00  0.00  0.00  0.00|   |  u3  |   |  3.00|
|  0.00  0.00  0.00  0.00  0.00  0.00  0.00  0.00  0.00  0.00| x |  v3  | = |  0.00|
|  0.00  0.00  0.00  0.00 -1.00  0.00  1.00  0.00  0.00  0.00|   |  0.00|   |  0.00|
|  0.00  0.00  0.00  0.00  0.00  0.00  0.00  0.00  0.00  0.00|   |  0.00|   |  0.00|
|  0.00  0.00 -2.00  0.00  0.00  0.00  0.00  0.00  2.00  0.00|   |  0.00|   |  0.00|
|  0.00  0.00  0.00  0.00  0.00  0.00  0.00  0.00  0.00  0.00|   |  0.00|   |  0.00|

-------------------Введём граничные условия методом Пиана-Айронса-------------------
                              K                                     q          f    

|  1.00  0.00 -1.00  0.00  0.00  0.00  0.00  0.00  0.00  0.00|   |  u1  |   |  2.00|
|  0.00  1.00  0.00  0.00  0.00  0.00  0.00  0.00  0.00  0.00|   |  v1  |   |  0.00|
| -1.00  0.00  4.00  0.00 -1.00  0.00  0.00  0.00  0.00  0.00|   |  u2  |   |  0.00|
|  0.00  0.00  0.00  1.00  0.00  0.00  0.00  0.00  0.00  0.00|   |  v2  |   |  0.00|
|  0.00  0.00 -1.00  0.00  2.00  0.00  0.00  0.00  0.00  0.00|   |  u3  |   |  3.00|
|  0.00  0.00  0.00  0.00  0.00  1.00  0.00  0.00  0.00  0.00| x |  v3  | = |  0.00|
|  0.00  0.00  0.00  0.00  0.00  0.00  1.00  0.00  0.00  0.00|   |  0.00|   |  0.00|
|  0.00  0.00  0.00  0.00  0.00  0.00  0.00  1.00  0.00  0.00|   |  0.00|   |  0.00|
|  0.00  0.00  0.00  0.00  0.00  0.00  0.00  0.00  1.00  0.00|   |  0.00|   |  0.00|
|  0.00  0.00  0.00  0.00  0.00  0.00  0.00  0.00  0.00  1.00|   |  0.00|   |  0.00|

Узловые перемещения

|  u1  |   |  3.40|
|  v1  |   |  0.00|
|  u2  |   |  1.40|
|  v2  |   |  0.00|
|  u3  |   |  2.20|
|  v3  | = |  0.00|
|  0.00|   |  0.00|
|  0.00|   |  0.00|
|  0.00|   |  0.00|
|  0.00|   |  0.00|

-------------Апроксимация перемещений-------------

Элемент 1, Lx=1.0
	u( 0.00) =  3.40
	u( 0.25) =  2.90
	u( 0.50) =  2.40
	u( 0.75) =  1.90
	u( 1.00) =  1.40

Элемент 2, Lx=1.0
	u( 0.00) =  1.40
	u( 0.25) =  1.60
	u( 0.50) =  1.80
	u( 0.75) =  2.00
	u( 1.00) =  2.20

Элемент 3, Lx=1.0
	u( 0.00) =  2.20
	u( 0.25) =  1.65
	u( 0.50) =  1.10
	u( 0.75) =  0.55
	u( 1.00) =  0.00

Элемент 4 - ПРУЖИНКА, Lx=-1.0
	u( 0.00) =  1.40
	u( 0.25) =  1.05
	u( 0.50) =  0.70
	u( 0.75) =  0.35
	u( 1.00) =  0.00

---------------Апроксимация УСИЛИЙ----------------
Элемент 1, Lx=1.0, Nx(0..Lx) = -2.00
Элемент 2, Lx=1.0, Nx(0..Lx) =  0.80
Элемент 3, Lx=1.0, Nx(0..Lx) = -2.20
Элемент 4 - ПРУЖИНКА, Lx=-1.0, Nx(0..Lx) = -2.80
