ДЗ Серебрянникова Олега РКТ2-81

-----------------------------Уравнение в матричном виде-----------------------------
                              K                                     q          f    

|  1.00  0.00 -1.00  0.00  0.00  0.00  0.00  0.00  0.00  0.00|   |  0.00|   |  0.00|
|  0.00  0.00  0.00  0.00  0.00  0.00  0.00  0.00  0.00  0.00|   |  0.00|   |  0.00|
| -1.00  0.00  2.00  0.00 -1.00  0.00  0.00  0.00  0.00  0.00|   |  u2  |   | -2.00|
|  0.00  0.00  0.00  0.00  0.00  0.00  0.00  0.00  0.00  0.00|   |  v2  |   |  0.00|
|  0.00  0.00 -1.00  0.00  4.00  0.00 -1.00  0.00 -2.00  0.00|   |  u3  |   |  0.00|
|  0.00  0.00  0.00  0.00  0.00  0.00  0.00  0.00  0.00  0.00| x |  v3  | = |  0.00|
|  0.00  0.00  0.00  0.00 -1.00  0.00  1.00  0.00  0.00  0.00|   |  u4  |   |  3.00|
|  0.00  0.00  0.00  0.00  0.00  0.00  0.00  0.00  0.00  0.00|   |  v4  |   |  0.00|
|  0.00  0.00  0.00  0.00 -2.00  0.00  0.00  0.00  2.00  0.00|   |  0.00|   |  0.00|
|  0.00  0.00  0.00  0.00  0.00  0.00  0.00  0.00  0.00  0.00|   |  0.00|   |  0.00|

-------------------Введём граничные условия методом Пиана-Айронса-------------------
                              K                                     q          f    

|  1.00  0.00  0.00  0.00  0.00  0.00  0.00  0.00  0.00  0.00|   |  0.00|   |  0.00|
|  0.00  1.00  0.00  0.00  0.00  0.00  0.00  0.00  0.00  0.00|   |  0.00|   |  0.00|
|  0.00  0.00  2.00  0.00 -1.00  0.00  0.00  0.00  0.00  0.00|   |  u2  |   | -2.00|
|  0.00  0.00  0.00  1.00  0.00  0.00  0.00  0.00  0.00  0.00|   |  v2  |   |  0.00|
|  0.00  0.00 -1.00  0.00  4.00  0.00 -1.00  0.00  0.00  0.00|   |  u3  |   |  0.00|
|  0.00  0.00  0.00  0.00  0.00  1.00  0.00  0.00  0.00  0.00| x |  v3  | = |  0.00|
|  0.00  0.00  0.00  0.00 -1.00  0.00  1.00  0.00  0.00  0.00|   |  u4  |   |  3.00|
|  0.00  0.00  0.00  0.00  0.00  0.00  0.00  1.00  0.00  0.00|   |  v4  |   |  0.00|
|  0.00  0.00  0.00  0.00  0.00  0.00  0.00  0.00  1.00  0.00|   |  0.00|   |  0.00|
|  0.00  0.00  0.00  0.00  0.00  0.00  0.00  0.00  0.00  1.00|   |  0.00|   |  0.00|

Узловые перемещения

|  0.00|   |  0.00|
|  0.00|   |  0.00|
|  u2  |   | -0.60|
|  v2  |   |  0.00|
|  u3  |   |  0.80|
|  v3  | = |  0.00|
|  u4  |   |  3.80|
|  v4  |   |  0.00|
|  0.00|   |  0.00|
|  0.00|   |  0.00|

-------------Апроксимация перемещений-------------

Элемент 1, Lx=1.0
	u( 0.00) =  0.00
	u( 0.25) = -0.15
	u( 0.50) = -0.30
	u( 0.75) = -0.45
	u( 1.00) = -0.60

Элемент 2, Lx=1.0
	u( 0.00) = -0.60
	u( 0.25) = -0.25
	u( 0.50) =  0.10
	u( 0.75) =  0.45
	u( 1.00) =  0.80

Элемент 3, Lx=1.0
	u( 0.00) =  0.80
	u( 0.25) =  1.55
	u( 0.50) =  2.30
	u( 0.75) =  3.05
	u( 1.00) =  3.80

Элемент 4 - ПРУЖИНКА, Lx=1.0
	u( 0.00) =  0.80
	u( 0.25) =  0.60
	u( 0.50) =  0.40
	u( 0.75) =  0.20
	u( 1.00) =  0.00

---------------Апроксимация УСИЛИЙ----------------
Элемент 1, Lx=1.0, Nx(0..Lx) = -0.60
Элемент 2, Lx=1.0, Nx(0..Lx) =  1.40
Элемент 3, Lx=1.0, Nx(0..Lx) =  3.00
Элемент 4 - ПРУЖИНКА, Lx=1.0, Nx(0..Lx) = -1.60
