ДЗ Вдовиной Алисы РКТ2-81

-----------------------------------Уравнение в матричном виде-----------------------------------
                                    K                                           q          f    

|  4.00  0.00 -4.00  0.00  0.00  0.00  0.00  0.00  0.00  0.00  0.00  0.00|   |  0.00|   |  0.00|
|  0.00  0.00  0.00  0.00  0.00  0.00  0.00  0.00  0.00  0.00  0.00  0.00|   |  0.00|   |  0.00|
| -4.00  0.00  5.00  0.00 -1.00  0.00  0.00  0.00  0.00  0.00  0.00  0.00|   |  u2  |   |  0.00|
|  0.00  0.00  0.00  0.00  0.00  0.00  0.00  0.00  0.00  0.00  0.00  0.00|   |  v2  |   |  0.00|
|  0.00  0.00 -1.00  0.00  2.00  0.00 -1.00  0.00  0.00  0.00  0.00  0.00|   |  u3  |   | -1.83|
|  0.00  0.00  0.00  0.00  0.00  0.00  0.00  0.00  0.00  0.00  0.00  0.00|   |  v3  |   |  0.00|
|  0.00  0.00  0.00  0.00 -1.00  0.00  2.00  0.00 -1.00  0.00  0.00  0.00| x |  u4  | = |  0.33|
|  0.00  0.00  0.00  0.00  0.00  0.00  0.00  0.00  0.00  0.00  0.00  0.00|   |  v4  |   |  0.00|
|  0.00  0.00  0.00  0.00  0.00  0.00 -1.00  0.00  3.00  0.00 -2.00  0.00|   |  u5  |   |  0.00|
|  0.00  0.00  0.00  0.00  0.00  0.00  0.00  0.00  0.00  0.00  0.00  0.00|   |  v5  |   |  0.00|
|  0.00  0.00  0.00  0.00  0.00  0.00  0.00  0.00 -2.00  0.00  2.00  0.00|   |  0.00|   |  0.00|
|  0.00  0.00  0.00  0.00  0.00  0.00  0.00  0.00  0.00  0.00  0.00  0.00|   |  0.00|   |  0.00|

-------------------------Введём граничные условия методом Пиана-Айронса-------------------------
                                    K                                           q          f    

|  1.00  0.00  0.00  0.00  0.00  0.00  0.00  0.00  0.00  0.00  0.00  0.00|   |  0.00|   |  0.00|
|  0.00  1.00  0.00  0.00  0.00  0.00  0.00  0.00  0.00  0.00  0.00  0.00|   |  0.00|   |  0.00|
|  0.00  0.00  5.00  0.00 -1.00  0.00  0.00  0.00  0.00  0.00  0.00  0.00|   |  u2  |   |  0.00|
|  0.00  0.00  0.00  1.00  0.00  0.00  0.00  0.00  0.00  0.00  0.00  0.00|   |  v2  |   |  0.00|
|  0.00  0.00 -1.00  0.00  2.00  0.00 -1.00  0.00  0.00  0.00  0.00  0.00|   |  u3  |   | -1.83|
|  0.00  0.00  0.00  0.00  0.00  1.00  0.00  0.00  0.00  0.00  0.00  0.00|   |  v3  |   |  0.00|
|  0.00  0.00  0.00  0.00 -1.00  0.00  2.00  0.00 -1.00  0.00  0.00  0.00| x |  u4  | = |  0.33|
|  0.00  0.00  0.00  0.00  0.00  0.00  0.00  1.00  0.00  0.00  0.00  0.00|   |  v4  |   |  0.00|
|  0.00  0.00  0.00  0.00  0.00  0.00 -1.00  0.00  3.00  0.00  0.00  0.00|   |  u5  |   |  0.00|
|  0.00  0.00  0.00  0.00  0.00  0.00  0.00  0.00  0.00  1.00  0.00  0.00|   |  v5  |   |  0.00|
|  0.00  0.00  0.00  0.00  0.00  0.00  0.00  0.00  0.00  0.00  1.00  0.00|   |  0.00|   |  0.00|
|  0.00  0.00  0.00  0.00  0.00  0.00  0.00  0.00  0.00  0.00  0.00  1.00|   |  0.00|   |  0.00|

Узловые перемещения

|  0.00|   |  0.00|
|  0.00|   |  0.00|
|  u2  |   | -0.27|
|  v2  |   |  0.00|
|  u3  |   | -1.36|
|  v3  |   |  0.00|
|  u4  | = | -0.62|
|  v4  |   |  0.00|
|  u5  |   | -0.21|
|  v5  |   |  0.00|
|  0.00|   |  0.00|
|  0.00|   |  0.00|

-------------Апроксимация перемещений-------------

Элемент 1 - ПРУЖИНКА, Lx=1.0
	u( 0.00) =  0.00
	u( 0.25) = -0.07
	u( 0.50) = -0.14
	u( 0.75) = -0.20
	u( 1.00) = -0.27

Элемент 2, Lx=1.0
	u( 0.00) = -0.27
	u( 0.25) = -0.54
	u( 0.50) = -0.82
	u( 0.75) = -1.09
	u( 1.00) = -1.36

Элемент 3, Lx=1.0
	u( 0.00) = -1.36
	u( 0.25) = -1.17
	u( 0.50) = -0.99
	u( 0.75) = -0.80
	u( 1.00) = -0.62

Элемент 4, Lx=1.0
	u( 0.00) = -0.62
	u( 0.25) = -0.51
	u( 0.50) = -0.41
	u( 0.75) = -0.31
	u( 1.00) = -0.21

Элемент 5 - ПРУЖИНКА, Lx=1.0
	u( 0.00) = -0.21
	u( 0.25) = -0.15
	u( 0.50) = -0.10
	u( 0.75) = -0.05
	u( 1.00) =  0.00

---------------Апроксимация УСИЛИЙ----------------
Элемент 1 - ПРУЖИНКА, Lx=1.0, Nx(0..Lx) = -1.09
Элемент 2, Lx=1.0, Nx(0..Lx) = -1.09
Элемент 3, Lx=1.0, Nx(0..Lx) =  0.74
Элемент 4, Lx=1.0, Nx(0..Lx) =  0.41
Элемент 5 - ПРУЖИНКА, Lx=1.0, Nx(0..Lx) =  0.41
